# Created by Octave 2.1.35, Mon Sep 08 17:41:07 2003 PDT <nemenman@sarek.itp.ucsb.edu>
# name: ASize
# type: scalar
5
# name: data
# type: matrix
# rows: 1
# columns: 30
 0 1 1 4 3 3 2 0 0 1 0 2 0 3 4 4 3 0 3 2 1 0 1 2 3 0 2 4 0 1 
